cam0:
  T_cam_imu:
  - [-0.25718914, -0.96503952, 0.05052202, 2.18624783]
  - [0.12081154, -0.08397956, -0.98911678, 0.35372757]
  - [0.95877960, -0.24828645, 0.13818654, 0.15647580]
  - [0.00000000, 0.00000000, 0.00000000, 1.00000000]
  camera_model: pinhole
  distortion_coeffs: [ -0.20017,   0.16097,   0.00039,  -0.00092,   0.00000]
  distortion_model: plumb_bob
  intrinsics: [2174.55148200, 2172.55663800, 959.19672800, 613.07115500]
  resolution: [1920, 1200]
  rostopic: cam0
cam1:
  T_cam_imu:
  - [0.22355023, -0.97432131, 0.02689382, 0.10367490]
  - [0.15927157, 0.00929453, -0.98719106, 0.17308623]
  - [0.96159132, 0.22497021, 0.15725948, -0.43254233]
  - [0.00000000, 0.00000000, 0.00000000, 1.00000000]
  camera_model: pinhole
  distortion_coeffs: [ -0.20597,   0.18770,  -0.00040,  -0.00053,   0.00000]
  distortion_model: plumb_bob
  intrinsics: [2175.13780800, 2172.98911900, 952.79468600, 602.94764200]
  resolution: [1900, 1200]
  rostopic: cam1
cam2:
  T_cam_imu:
  - [0.15740438, -0.98745595, -0.01243429, 0.17187362]
  - [-0.17857675, -0.01607765, -0.98379462, 2.31935202]
  - [0.97125393, 0.15707406, -0.17886737, 0.03703583]
  - [0.00000000, 0.00000000, 0.00000000, 1.00000000]
  camera_model: pinhole
  distortion_coeffs: [ -0.18907,   0.12491,   0.00004,   0.00030,   0.00000]
  distortion_model: plumb_bob
  intrinsics: [2168.75828100, 2166.97968700, 990.68865100, 583.91409000]
  resolution: [1900, 1200]
  rostopic: cam2
cam3:
  T_cam_imu:
  - [-0.22645364, -0.97401305, -0.00416225, 2.20641809]
  - [-0.18106141, 0.04629397, -0.98238161, 2.20699189]
  - [0.95704520, -0.22171027, -0.18683961, 0.54637836]
  - [0.00000000, 0.00000000, 0.00000000, 1.00000000]
  camera_model: pinhole
  distortion_coeffs: [ -0.20373,   0.17156,   0.00031,   0.00171,   0.00000]
  distortion_model: plumb_bob
  intrinsics: [2173.86677800, 2171.87626100, 976.88097600, 604.27685400]
  resolution: [1900, 1200]
  rostopic: cam3
cam4:
  T_cam_imu:
  - [0.22519840, 0.97358664, -0.03761290, -1.37800871]
  - [-0.13507811, -0.00703364, -0.99080999, 0.99845515]
  - [-0.96490392, 0.22820951, 0.12992628, 5.37975115]
  - [0.00000000, 0.00000000, 0.00000000, 1.00000000]
  camera_model: pinhole
  distortion_coeffs: [ -0.19907,   0.17018,   0.00010,  -0.00099,   0.00000]
  distortion_model: plumb_bob
  intrinsics: [2167.49490200, 2165.56980200, 940.89474900, 612.57647900]
  resolution: [1900, 1200]
  rostopic: cam4
cam5:
  T_cam_imu:
  - [-0.29563816, 0.95529901, 0.00136862, -0.33978751]
  - [-0.16974251, -0.05112056, -0.98416166, 1.28769178]
  - [-0.94009870, -0.29118806, 0.17726804, 5.87262877]
  - [0.00000000, 0.00000000, 0.00000000, 1.00000000]
  camera_model: pinhole
  distortion_coeffs: [ -0.20441,   0.17692,  -0.00025,  -0.00019,   0.00000]
  distortion_model: plumb_bob
  intrinsics: [2169.53280200, 2167.61894400, 958.79047800, 602.89947900]
  resolution: [1900, 1200]
  rostopic: cam5
cam6:
  T_cam_imu:
  - [-0.17045035, 0.98504252, -0.02525683, -0.99819335]
  - [0.18540159, 0.00688643, -0.98263871, 1.16021510]
  - [-0.96776698, -0.17217377, -0.18380224, 6.25857756]
  - [0.00000000, 0.00000000, 0.00000000, 1.00000000]
  camera_model: pinhole
  distortion_coeffs: [ -0.19957,   0.16978,  -0.00008,  -0.00020,   0.00000]
  distortion_model: plumb_bob
  intrinsics: [2174.42781900, 2172.57924300, 956.85045600, 596.94859000]
  resolution: [1900, 1200]
  rostopic: cam6
cam7:
  T_cam_imu:
  - [0.30437607, 0.95246756, -0.01267908, -1.85363113]
  - [0.15307037, -0.06204506, -0.98626562, 1.42929244]
  - [-0.94017268, 0.29825486, -0.16467960, 5.62388362]
  - [0.00000000, 0.00000000, 0.00000000, 1.00000000]
  camera_model: pinhole
  distortion_coeffs: [ -0.19961,   0.16421,  -0.00003,   0.00041,   0.00000]
  distortion_model: plumb_bob
  intrinsics: [2174.75669700, 2173.42025700, 960.91814700, 599.51184600]
  resolution: [1900, 1200]
  rostopic: cam7
